Id,SalePrice
1461,129385.26
1462,143938.78
1463,151923.62
1464,162844.08
1465,194199.44
1466,158035.36
1467,159702.33
1468,158202.81
1469,182418.06
1470,113818.59
1471,187942.06
1472,94437.02
1473,93468.52
1474,144399.44
1475,138535.3
1476,369130.72
1477,242947.25
1478,319526.66
1479,277673.22
1480,473987.25
1481,336152.0
1482,190827.98
1483,165717.11
1484,162691.33
1485,163523.45
1486,162036.72
1487,351870.7
1488,248938.25
1489,190823.17
1490,161135.16
1491,168995.08
1492,120247.73
1493,171184.72
1494,308209.0
1495,272974.38
1496,205612.25
1497,181108.39
1498,151873.7
1499,149475.22
1500,140231.22
1501,162995.83
1502,150088.62
1503,254312.6
1504,224085.94
1505,194786.56
1506,180493.62
1507,209770.47
1508,195681.17
1509,145729.4
1510,144058.73
1511,148684.02
1512,140910.33
1513,147787.19
1514,112682.32
1515,143487.34
1516,150773.7
1517,138751.08
1518,142733.66
1519,194338.7
1520,128734.39
1521,137891.53
1522,155227.06
1523,112007.766
1524,108124.08
1525,106652.94
1526,101874.78
1527,106282.13
1528,115477.516
1529,132014.83
1530,169374.0
1531,113319.72
1532,98694.26
1533,139403.86
1534,122644.09
1535,135765.52
1536,117326.97
1537,77484.02
1538,175917.8
1539,230689.81
1540,118227.44
1541,143423.16
1542,133790.56
1543,173759.78
1544,77722.25
1545,90977.89
1546,125619.4
1547,121402.29
1548,123029.62
1549,112633.29
1550,138625.08
1551,106185.28
1552,129326.54
1553,129449.77
1554,121103.336
1555,146477.4
1556,111010.11
1557,127229.37
1558,110057.01
1559,149207.28
1560,142360.83
1561,128048.83
1562,119235.51
1563,112826.55
1564,164419.4
1565,133101.5
1566,217952.3
1567,77778.85
1568,205546.8
1569,123828.36
1570,125105.09
1571,128402.64
1572,138429.02
1573,221806.05
1574,125308.21
1575,212874.75
1576,172333.25
1577,188942.75
1578,141514.3
1579,131464.02
1580,164381.95
1581,122006.055
1582,118544.85
1583,316814.78
1584,201891.5
1585,140818.78
1586,74208.4
1587,88023.42
1588,150939.5
1589,106751.14
1590,129643.22
1591,99743.04
1592,133334.14
1593,123139.46
1594,142209.8
1595,126929.91
1596,245201.89
1597,123381.77
1598,164340.98
1599,183926.38
1600,180263.36
1601,52924.97
1602,119409.13
1603,93950.79
1604,285978.34
1605,233351.27
1606,149315.81
1607,174140.27
1608,198700.8
1609,183983.98
1610,137770.22
1611,137246.8
1612,157014.97
1613,156652.31
1614,117724.81
1615,71212.02
1616,70106.75
1617,79594.25
1618,106921.43
1619,122016.47
1620,157281.27
1621,122026.96
1622,129591.46
1623,275238.8
1624,176749.47
1625,116802.97
1626,149367.86
1627,164251.14
1628,257808.97
1629,160417.14
1630,335704.3
1631,229888.44
1632,231517.64
1633,159680.45
1634,153374.64
1635,158186.73
1636,157090.33
1637,135442.6
1638,160123.89
1639,149045.66
1640,216221.84
1641,145388.84
1642,219296.44
1643,222689.08
1644,224095.72
1645,170592.81
1646,144565.28
1647,161244.08
1648,143820.64
1649,126237.43
1650,102174.53
1651,107084.375
1652,94437.02
1653,94679.945
1654,146643.12
1655,147286.34
1656,146116.84
1657,143236.7
1658,149860.12
1659,127159.93
1660,135527.81
1661,431350.75
1662,360394.47
1663,360657.78
1664,427115.06
1665,331268.56
1666,270515.16
1667,318513.9
1668,316622.84
1669,295305.97
1670,313980.4
1671,235476.17
1672,463660.03
1673,308167.06
1674,238819.28
1675,178570.86
1676,185294.25
1677,187553.78
1678,449998.2
1679,360694.56
1680,305188.88
1681,235339.55
1682,301873.3
1683,173551.7
1684,165321.05
1685,168477.25
1686,170428.89
1687,165428.48
1688,170767.62
1689,172820.84
1690,167495.9
1691,166267.4
1692,268984.06
1693,165310.81
1694,163273.9
1695,165139.36
1696,232359.98
1697,165003.1
1698,357227.66
1699,341460.84
1700,210178.7
1701,244868.7
1702,254818.89
1703,249700.61
1704,244388.75
1705,234468.4
1706,433867.3
1707,189601.06
1708,181084.88
1709,287816.94
1710,225793.27
1711,234904.78
1712,260255.94
1713,230888.78
1714,192764.69
1715,189290.86
1716,155918.23
1717,145337.75
1718,137605.34
1719,170020.92
1720,255000.64
1721,147963.75
1722,121313.87
1723,126213.69
1724,194376.44
1725,181957.64
1726,151907.05
1727,163477.92
1728,165447.22
1729,148633.6
1730,123867.59
1731,115960.766
1732,121405.69
1733,108046.34
1734,110215.1
1735,115564.69
1736,110777.59
1737,342505.06
1738,165655.47
1739,221425.12
1740,190775.03
1741,174509.23
1742,162618.94
1743,161508.64
1744,280914.56
1745,239492.47
1746,276574.66
1747,166308.36
1748,173549.8
1749,158502.56
1750,112196.43
1751,182614.92
1752,111731.06
1753,142455.94
1754,194632.39
1755,166424.0
1756,106141.72
1757,113022.82
1758,131827.4
1759,146994.2
1760,149636.47
1761,91441.95
1762,149856.69
1763,174595.84
1764,108721.625
1765,161119.94
1766,158507.27
1767,164556.06
1768,131674.12
1769,136787.33
1770,121378.32
1771,101952.81
1772,137342.4
1773,122681.35
1774,133283.47
1775,126345.516
1776,116420.484
1777,111248.51
1778,116647.516
1779,110667.73
1780,167764.6
1781,132649.84
1782,81125.055
1783,132244.61
1784,96513.24
1785,121415.09
1786,118489.555
1787,161248.67
1788,57358.54
1789,113454.47
1790,77603.35
1791,191509.05
1792,138953.84
1793,127897.73
1794,128951.91
1795,121328.32
1796,120630.96
1797,117000.95
1798,116376.39
1799,101798.96
1800,108645.97
1801,114437.34
1802,131725.92
1803,137150.53
1804,133658.22
1805,119319.64
1806,106447.82
1807,135155.72
1808,116864.59
1809,110512.234
1810,129888.266
1811,117029.01
1812,109876.414
1813,120624.195
1814,100024.766
1815,69038.42
1816,100854.84
1817,123013.79
1818,137733.11
1819,119961.56
1820,86560.04
1821,137413.06
1822,140546.42
1823,56858.707
1824,133656.36
1825,122845.234
1826,100335.73
1827,96378.3
1828,135035.92
1829,120139.43
1830,157788.78
1831,153855.42
1832,112525.54
1833,133367.53
1834,123614.8
1835,108251.64
1836,133180.7
1837,97347.7
1838,133818.48
1839,76913.0
1840,156799.06
1841,127673.26
1842,90869.125
1843,103414.33
1844,128180.6
1845,114061.875
1846,155394.19
1847,120108.46
1848,62223.46
1849,111067.77
1850,116353.75
1851,137389.05
1852,117565.93
1853,126368.914
1854,150981.62
1855,146391.34
1856,194459.6
1857,131849.14
1858,119852.43
1859,106799.96
1860,125995.484
1861,106741.14
1862,222406.4
1863,222406.4
1864,222406.4
1865,328576.22
1866,338323.56
1867,241284.08
1868,261883.69
1869,182380.78
1870,221586.78
1871,266920.97
1872,160433.56
1873,245302.3
1874,115238.2
1875,201243.52
1876,154892.42
1877,185477.64
1878,193731.84
1879,117085.016
1880,123607.49
1881,212107.97
1882,247181.0
1883,169943.97
1884,178071.47
1885,247368.4
1886,277513.06
1887,197794.44
1888,252942.69
1889,148149.61
1890,123138.9
1891,137245.75
1892,98913.266
1893,114323.26
1894,126840.54
1895,136404.97
1896,123263.65
1897,122893.02
1898,107683.72
1899,135076.02
1900,133739.16
1901,137939.34
1902,143774.42
1903,191756.47
1904,128749.93
1905,168093.84
1906,134074.28
1907,181214.72
1908,109762.42
1909,132313.38
1910,127427.28
1911,156154.4
1912,218504.62
1913,125919.84
1914,61464.105
1915,328758.1
1916,59441.25
1917,250049.69
1918,127737.76
1919,151190.75
1920,132589.25
1921,405424.88
1922,332026.34
1923,169417.55
1924,208823.28
1925,163117.95
1926,377913.8
1927,111848.42
1928,135367.67
1929,107560.89
1930,124581.555
1931,127374.625
1932,112348.08
1933,169977.75
1934,162694.14
1935,155370.53
1936,174983.38
1937,159682.25
1938,150259.31
1939,269687.78
1940,194439.17
1941,156047.77
1942,151921.83
1943,187687.78
1944,307799.72
1945,352279.12
1946,160168.88
1947,323377.1
1948,164558.03
1949,204969.23
1950,175003.23
1951,247054.27
1952,222930.39
1953,158648.97
1954,164110.27
1955,125660.98
1956,292276.88
1957,149030.33
1958,288933.75
1959,132007.83
1960,109216.03
1961,117663.52
1962,94437.02
1963,102233.04
1964,111985.86
1965,149982.92
1966,148843.48
1967,268742.78
1968,368582.0
1969,348861.9
1970,448023.44
1971,473471.62
1972,337901.4
1973,256289.72
1974,295721.72
1975,440506.4
1976,250312.3
1977,343794.75
1978,395977.5
1979,325034.4
1980,179321.78
1981,325915.2
1982,214012.12
1983,213017.19
1984,156755.17
1985,192979.3
1986,182425.67
1987,169756.33
1988,164436.45
1989,161507.8
1990,172289.02
1991,203047.08
1992,169459.98
1993,165906.97
1994,203155.86
1995,168094.25
1996,227860.9
1997,312760.28
1998,325371.8
1999,214178.12
2000,317888.47
2001,231004.8
2002,184557.38
2003,243460.95
2004,229644.8
2005,217094.83
2006,220433.08
2007,251949.94
2008,178440.08
2009,162347.27
2010,168932.94
2011,142916.89
2012,170713.73
2013,160233.8
2014,164303.9
2015,168296.08
2016,161636.08
2017,160730.88
2018,108582.89
2019,109938.2
2020,112791.92
2021,106885.914
2022,154425.62
2023,138799.89
2024,192111.78
2025,365092.06
2026,178222.19
2027,139259.02
2028,142237.27
2029,160245.73
2030,259181.42
2031,243836.56
2032,252762.25
2033,245671.16
2034,160272.14
2035,198398.94
2036,195979.05
2037,195600.61
2038,308696.8
2039,183614.8
2040,411188.28
2041,254013.55
2042,200323.16
2043,165542.89
2044,171863.1
2045,155619.3
2046,139092.3
2047,135294.89
2048,127397.84
2049,138956.36
2050,161534.33
2051,98436.37
2052,124352.97
2053,130541.7
2054,73095.98
2055,140544.44
2056,110186.16
2057,119240.92
2058,175426.61
2059,135294.62
2060,135310.8
2061,159645.19
2062,124155.945
2063,112580.75
2064,133644.14
2065,111854.3
2066,156679.9
2067,97897.68
2068,140539.02
2069,91405.11
2070,111441.18
2071,85969.93
2072,124278.26
2073,119454.86
2074,139201.69
2075,126872.79
2076,112114.51
2077,138696.98
2078,111587.414
2079,131759.34
2080,107702.36
2081,121704.94
2082,132492.5
2083,139956.08
2084,102931.32
2085,130303.33
2086,96074.34
2087,130783.805
2088,121237.7
2089,100326.58
2090,132245.64
2091,117018.3
2092,124387.44
2093,128819.836
2094,133751.39
2095,143995.48
2096,87778.15
2097,87326.59
2098,133750.53
2099,60617.758
2100,110263.24
2101,132056.11
2102,135586.45
2103,101291.26
2104,109936.41
2105,125472.26
2106,88426.2
2107,252525.86
2108,111590.78
2109,104312.35
2110,116990.0
2111,129886.13
2112,130140.05
2113,120147.74
2114,106497.03
2115,136328.86
2116,114927.64
2117,144671.42
2118,125373.71
2119,105732.055
2120,104892.445
2121,85559.13
2122,89972.44
2123,89871.33
2124,164397.9
2125,131961.5
2126,148527.6
2127,143060.9
2128,146314.1
2129,104326.6
2130,122876.984
2131,169169.56
2132,127613.82
2133,122405.11
2134,115733.97
2135,90231.52
2136,91212.82
2137,98768.5
2138,108006.23
2139,144656.25
2140,116138.04
2141,130722.16
2142,124231.38
2143,140385.83
2144,102151.12
2145,113696.36
2146,153008.7
2147,121619.55
2148,129778.38
2149,140900.69
2150,224545.81
2151,123507.04
2152,156733.81
2153,145135.89
2154,100788.99
2155,119589.98
2156,222856.73
2157,198616.58
2158,177152.23
2159,180628.06
2160,171589.11
2161,249426.36
2162,341137.06
2163,282149.9
2164,252433.58
2165,187242.05
2166,121867.01
2167,199311.64
2168,172705.14
2169,171359.02
2170,180800.36
2171,140047.39
2172,116155.984
2173,139806.97
2174,235763.25
2175,290237.6
2176,299626.6
2177,236995.25
2178,212317.33
2179,146566.3
2180,165946.86
2181,186178.61
2182,202826.56
2183,194244.08
2184,100644.01
2185,123625.16
2186,128291.74
2187,151408.38
2188,148010.23
2189,166034.83
2190,85421.02
2191,88858.53
2192,85510.45
2193,78443.66
2194,90718.14
2195,106294.31
2196,88588.6
2197,108207.64
2198,159452.64
2199,147004.1
2200,126632.484
2201,133688.4
2202,191760.17
2203,156348.17
2204,157854.53
2205,116148.94
2206,128181.35
2207,183397.66
2208,153435.17
2209,162115.64
2210,110371.99
2211,106478.09
2212,108180.55
2213,103574.9
2214,139355.39
2215,90802.75
2216,125798.06
2217,38170.754
2218,109570.305
2219,66570.72
2220,65618.73
2221,329624.56
2222,222201.89
2223,254048.66
2224,175148.72
2225,113739.64
2226,131464.38
2227,160762.9
2228,270737.12
2229,233993.94
2230,140464.89
2231,194008.6
2232,164276.77
2233,158888.84
2234,228468.48
2235,169827.1
2236,270622.47
2237,356228.75
2238,203227.8
2239,91329.66
2240,162587.58
2241,142160.33
2242,127170.6
2243,103362.06
2244,84560.02
2245,85491.32
2246,136377.73
2247,87105.72
2248,112804.36
2249,111399.23
2250,123191.53
2251,158411.0
2252,155957.61
2253,146047.58
2254,154761.55
2255,152687.61
2256,165937.92
2257,154329.6
2258,167879.92
2259,159123.95
2260,130062.98
2261,180658.11
2262,194225.61
2263,309451.0
2264,443704.94
2265,133091.0
2266,301375.53
2267,334855.25
2268,357168.2
2269,135760.78
2270,166587.42
2271,205526.53
2272,155664.92
2273,156442.83
2274,163651.11
2275,162958.5
2276,187775.92
2277,152599.62
2278,116711.664
2279,112890.24
2280,108531.72
2281,173683.14
2282,170047.22
2283,94258.44
2284,124402.37
2285,138213.5
2286,102570.59
2287,347611.03
2288,302852.4
2289,378344.1
2290,459112.1
2291,314386.94
2292,380035.44
2293,460227.72
2294,455338.2
2295,430718.4
2296,259210.38
2297,304529.3
2298,345470.75
2299,417795.3
2300,322410.56
2301,248185.05
2302,205823.64
2303,255589.38
2304,234624.55
2305,186081.52
2306,181421.7
2307,178158.73
2308,221668.08
2309,262062.62
2310,224705.83
2311,173551.7
2312,164177.92
2313,153028.8
2314,157432.3
2315,159239.12
2316,147461.97
2317,164899.06
2318,170668.06
2319,163066.83
2320,173144.1
2321,250367.05
2322,163392.72
2323,167069.25
2324,158858.8
2325,222833.05
2326,164943.66
2327,175749.7
2328,174670.38
2329,160170.2
2330,161058.61
2331,351947.34
2332,446483.3
2333,303731.1
2334,210262.34
2335,261846.98
2336,327231.8
2337,192439.97
2338,248838.27
2339,227755.1
2340,386713.78
2341,188047.17
2342,236605.0
2343,203823.22
2344,169368.2
2345,239690.84
2346,221490.92
2347,192856.14
2348,219657.23
2349,158305.55
2350,257450.25
2351,239878.36
2352,265730.84
2353,221651.23
2354,130119.83
2355,145469.22
2356,131111.69
2357,187313.66
2358,169586.31
2359,119187.125
2360,104856.6
2361,125177.03
2362,241222.38
2363,129071.18
2364,132555.36
2365,219160.92
2366,193639.56
2367,220983.0
2368,194089.33
2369,240684.47
2370,161620.3
2371,161935.84
2372,179148.78
2373,273922.56
2374,316917.2
2375,231317.73
2376,213672.23
2377,307340.88
2378,141164.95
2379,149587.22
2380,139688.0
2381,155207.5
2382,165306.39
2383,187995.05
2384,210231.83
2385,138187.14
2386,124349.664
2387,115393.26
2388,91613.52
2389,117761.695
2390,129196.5
2391,132858.5
2392,104856.6
2393,163214.56
2394,144969.02
2395,154239.36
2396,139988.86
2397,167394.62
2398,122611.016
2399,63821.074
2400,55222.098
2401,107565.15
2402,132263.34
2403,126945.64
2404,133377.58
2405,151799.84
2406,116538.94
2407,115351.62
2408,136637.73
2409,126883.07
2410,156001.98
2411,108046.99
2412,142953.47
2413,135577.53
2414,119356.35
2415,138946.9
2416,120214.2
2417,119508.66
2418,106635.33
2419,127174.47
2420,106991.1
2421,126493.555
2422,105603.88
2423,122362.39
2424,146287.19
2425,170832.33
2426,94768.32
2427,126293.695
2428,152135.42
2429,101650.9
2430,120380.19
2431,116273.03
2432,118737.18
2433,132870.36
2434,124867.6
2435,138121.94
2436,97534.89
2437,108297.54
2438,116860.6
2439,118938.016
2440,128902.17
2441,99063.45
2442,99616.36
2443,116972.12
2444,124008.35
2445,103643.91
2446,130061.73
2447,204855.73
2448,114494.75
2449,120172.87
2450,152711.78
2451,119793.49
2452,176476.38
2453,92263.55
2454,104219.72
2455,104397.8
2456,118970.93
2457,120213.24
2458,110887.39
2459,116038.79
2460,137863.23
2461,124011.945
2462,127701.73
2463,119626.09
2464,157484.89
2465,132324.52
2466,122088.664
2467,163575.78
2468,105111.68
2469,104732.086
2470,146084.45
2471,166614.9
2472,175361.58
2473,109519.195
2474,120827.45
2475,150746.38
2476,117284.266
2477,111095.78
2478,136964.23
2479,103071.55
2480,125665.79
2481,121285.08
2482,116070.13
2483,116359.0
2484,120253.61
2485,112382.05
2486,134222.47
2487,147298.16
2488,147955.3
2489,142600.16
2490,138358.28
2491,98855.76
2492,161639.95
2493,119183.28
2494,144614.77
2495,99501.92
2496,203955.3
2497,135305.1
2498,103556.25
2499,93136.81
2500,120234.3
2501,130472.2
2502,126743.19
2503,114001.375
2504,160989.06
2505,175771.22
2506,256135.12
2507,376198.22
2508,253982.33
2509,202651.95
2510,239001.3
2511,176837.92
2512,176772.61
2513,179579.36
2514,256803.34
2515,126072.73
2516,140643.8
2517,111661.27
2518,132237.94
2519,181133.55
2520,160202.86
2521,164021.45
2522,171307.03
2523,124285.0
2524,122980.305
2525,124378.3
2526,129012.64
2527,117799.164
2528,120309.336
2529,122530.31
2530,102267.805
2531,183314.67
2532,180865.66
2533,164274.81
2534,251123.52
2535,314656.94
2536,186577.39
2537,213809.25
2538,175877.11
2539,176473.7
2540,161351.61
2541,162830.53
2542,159273.2
2543,106894.35
2544,114659.35
2545,131533.44
2546,159951.02
2547,125276.02
2548,141824.52
2549,139186.66
2550,198471.03
2551,141975.34
2552,118257.305
2553,91979.484
2554,97895.695
2555,100073.664
2556,79620.78
2557,100802.34
2558,139015.78
2559,125964.86
2560,123130.67
2561,116179.31
2562,115097.58
2563,127346.96
2564,151882.22
2565,123075.0
2566,154684.19
2567,127287.39
2568,171093.23
2569,171470.73
2570,113009.47
2571,147901.9
2572,164500.64
2573,212251.94
2574,255366.9
2575,132864.0
2576,133232.75
2577,127893.12
2578,96877.97
2579,72695.09
2580,155282.86
2581,114477.52
2582,108719.96
2583,280678.44
2584,148803.75
2585,145504.84
2586,180673.72
2587,178850.05
2588,141790.06
2589,135044.02
2590,184180.33
2591,151685.73
2592,233762.23
2593,281088.84
2594,171154.25
2595,195885.61
2596,322065.7
2597,152383.6
2598,259257.16
2599,352979.4
2600,126194.3
2601,136141.17
2602,79594.01
2603,84901.1
2604,70768.16
2605,85418.69
2606,136232.08
2607,177532.53
2608,166043.33
2609,146405.9
2610,91188.51
2611,105804.875
2612,141158.31
2613,111198.57
2614,110492.81
2615,152634.97
2616,123395.16
2617,165443.48
2618,194995.0
2619,223593.95
2620,161007.48
2621,160704.33
2622,160166.48
2623,241147.28
2624,273431.16
2625,308004.22
2626,154958.02
2627,166859.42
2628,385516.25
2629,489100.38
2630,339352.38
2631,441827.72
2632,382526.5
2633,315328.47
2634,341980.56
2635,149416.34
2636,155305.86
2637,162048.6
2638,234854.08
2639,140955.53
2640,137329.66
2641,106994.89
2642,175272.78
2643,110011.46
2644,122304.586
2645,97441.93
2646,94112.914
2647,96246.14
2648,131573.77
2649,122617.51
2650,136133.83
2651,151108.66
2652,422342.16
2653,257707.33
2654,228844.95
2655,355254.8
2656,297159.9
2657,311418.0
2658,285340.53
2659,319119.88
2660,334395.84
2661,351223.3
2662,333496.66
2663,264530.62
2664,256281.2
2665,337923.9
2666,275603.94
2667,153677.44
2668,162388.42
2669,169441.25
2670,293116.9
2671,162519.94
2672,173718.27
2673,184204.06
2674,176875.75
2675,169120.34
2676,169553.92
2677,165839.25
2678,201478.42
2679,279965.03
2680,270231.03
2681,435669.25
2682,333644.25
2683,551684.0
2684,317273.3
2685,355418.53
2686,246850.47
2687,284116.88
2688,233094.38
2689,213531.75
2690,457343.06
2691,182804.08
2692,123455.81
2693,201054.83
2694,130508.055
2695,167689.45
2696,165832.4
2697,175805.06
2698,155175.3
2699,153528.44
2700,156843.25
2701,139762.95
2702,126635.945
2703,120315.336
2704,129199.92
2705,111101.586
2706,110973.88
2707,115615.99
2708,113978.58
2709,96773.17
2710,113307.35
2711,276596.47
2712,405964.2
2713,166070.22
2714,151895.4
2715,162510.88
2716,150088.62
2717,185550.94
2718,239459.3
2719,149551.34
2720,137730.98
2721,132537.66
2722,148617.75
2723,129470.32
2724,121593.39
2725,121146.51
2726,133401.02
2727,137260.73
2728,163348.95
2729,135556.66
2730,137386.22
2731,117288.46
2732,110087.4
2733,139203.75
2734,146050.97
2735,136534.77
2736,125566.21
2737,109376.9
2738,131473.66
2739,147209.6
2740,136031.64
2741,135992.9
2742,153322.64
2743,133828.25
2744,140163.3
2745,107538.12
2746,117443.76
2747,125131.92
2748,124302.836
2749,115169.31
2750,120480.82
2751,115493.63
2752,175618.95
2753,137916.0
2754,163828.08
2755,131616.62
2756,85879.24
2757,86368.03
2758,83091.66
2759,148833.86
2760,110757.61
2761,136027.27
2762,140514.33
2763,169189.05
2764,164277.52
2765,309336.78
2766,122531.06
2767,88708.305
2768,136746.69
2769,127968.055
2770,133402.75
2771,108553.36
2772,106886.24
2773,136657.22
2774,131757.05
2775,120312.12
2776,142036.53
2777,155357.89
2778,115087.72
2779,135483.84
2780,96833.96
2781,100164.67
2782,103310.4
2783,96252.13
2784,119521.49
2785,137364.44
2786,54040.1
2787,105658.07
2788,98113.93
2789,224940.9
2790,93666.54
2791,125830.26
2792,101260.44
2793,146663.31
2794,108123.69
2795,118603.79
2796,99767.2
2797,223037.56
2798,121672.2
2799,104500.125
2800,84978.07
2801,110674.31
2802,121804.63
2803,159575.62
2804,117534.59
2805,95282.76
2806,102395.734
2807,135490.19
2808,137993.53
2809,124670.23
2810,103722.41
2811,141708.4
2812,138725.48
2813,163438.31
2814,137704.94
2815,111484.59
2816,250387.92
2817,133697.86
2818,118963.64
2819,156346.86
2820,127997.55
2821,102723.56
2822,143938.23
2823,240858.5
2824,197152.05
2825,124386.734
2826,121692.07
2827,134695.94
2828,169524.83
2829,165844.25
2830,240379.8
2831,166889.48
2832,182496.25
2833,286371.22
2834,183041.52
2835,222329.53
2836,173716.12
2837,139784.06
2838,139787.58
2839,158975.06
2840,186716.86
2841,153763.62
2842,170380.55
2843,134271.08
2844,142757.67
2845,112561.86
2846,170122.42
2847,168355.8
2848,192644.7
2849,172719.64
2850,256445.78
2851,204576.69
2852,166319.14
2853,181481.28
2854,140818.78
2855,178836.06
2856,169322.6
2857,174492.61
2858,197775.42
2859,126346.42
2860,110494.96
2861,107466.625
2862,173752.56
2863,110383.4
2864,240925.77
2865,139777.39
2866,142238.36
2867,88557.51
2868,124121.49
2869,122677.68
2870,118912.48
2871,112399.086
2872,55882.332
2873,107278.29
2874,135175.39
2875,113302.52
2876,139834.92
2877,135306.2
2878,135409.06
2879,127848.234
2880,112473.305
2881,133736.38
2882,131075.69
2883,163235.64
2884,166298.84
2885,167643.75
2886,119256.2
2887,101822.44
2888,129407.72
2889,76092.484
2890,83344.336
2891,136565.86
2892,58707.53
2893,120906.09
2894,50658.695
2895,347046.06
2896,285978.34
2897,214968.9
2898,155684.06
2899,245313.84
2900,148893.06
2901,192665.31
2902,164446.42
2903,343489.16
2904,318643.47
2905,90789.3
2906,188536.89
2907,108316.47
2908,112300.67
2909,132847.78
2910,79029.58
2911,79594.01
2912,134551.67
2913,72673.336
2914,69992.92
2915,71383.375
2916,73521.69
2917,107730.54
2918,101829.44
2919,171957.62
